28
112
192
1
7
29
208
64
2
9
39
156
249
228
147
76
49
196
157
116
209
71
28
112
157
116
209
71
28
113
112
192
3
13
54
216
112
192
3
13
54
217
124
241
196
17
71
28
208
64
2
9
39
157
197
20
82
75
44
176
197
20
82
75
44
177
28
112
193
4
16
65
28
112
193
4
16
64
54
216
97
135
31
125
13
52
211
77
52
208
13
52
211
77
52
209
54
216
97
135
31
124
249
228
147
76
49
197
185
229
148
80
67
12
0
1
7
31
126
249
0
1
7
31
126
248
104
160
128
0
0
1
104
160
128
0
0
0
217
100
145
70
26
104
64
2
10
43
174
185
64
2
10
43
174
184
185
229
148
80
67
13
217
100
145
70
26
105
156
114
200
32
131
14
204
51
204
51
205
55
11
44
176
195
13
54
113
196
16
67
15
60
125
245
215
95
125
245
140
48
194
8
33
132
55
220
114
200
35
140
132
16
65
7
29
117
129
5
23
93
116
211
105
165
151
92
113
198
29
118
219
110
185
228
196
17
71
28
115
204
65
6
25
102
155
108
14
56
225
133
20
80
209
69
22
91
109
182
182
217
102
152
98
136
12
49
198
24
96
129
176
193
5
20
81
71
71
28
115
204
50
200
184
225
132
16
64
2
29
117
214
89
101
149
149
86
90
107
173
181
216
98
136
34
136
32
156
113
199
29
119
223
177
198
26
105
166
155
248
226
137
39
158
122
32
130
11
46
186
235
235
173
180
209
70
26
198
26
106
171
172
179
1
7
28
115
204
49
124
240
192
1
7
29
28
113
196
17
71
28
245
212
82
73
39
156
117
213
85
87
95
125
136
32
128
3
13
53
100
