(87,58) encontrou!
(91,116) encontrou!
(91,198) encontrou!
(10,99) encontrou!
(10,128) encontrou!
(153,192) encontrou!
(35,188) encontrou!
(192,71) encontrou!
(152,230) encontrou!
(33,129) encontrou!
(33,77) encontrou!
(64,201) encontrou!
(239,57) encontrou!
(111,248) encontrou!
(52,211) encontrou!
(197,201) nao encontrou...
(71,152) encontrou!
(57,230) nao encontrou...
(13,66) encontrou!
(15,123) encontrou!
(224,64) encontrou!
(213,226) nao encontrou...
(63,123) nao encontrou...
(128,197) encontrou!
(211,239) encontrou!
(207,35) encontrou!
(58,220) encontrou!
(58,182) encontrou!
(8,226) encontrou!
(214,66) nao encontrou...
(1,13) encontrou!
(1,17) encontrou!
(198,192) nao encontrou...
(93,35) nao encontrou...
(182,64) nao encontrou...
(116,184) encontrou!
(116,153) encontrou!
(230,111) nao encontrou...
(210,197) nao encontrou...
(201,57) nao encontrou...
(17,33) nao encontrou...
(17,52) nao encontrou...
(184,15) encontrou!
(184,134) encontrou!
(66,239) nao encontrou...
(226,71) nao encontrou...
(99,214) encontrou!
(99,1) encontrou!
(167,207) encontrou!
(167,93) encontrou!
(188,152) nao encontrou...
(134,63) nao encontrou...
(134,167) nao encontrou...
(77,133) encontrou!
(77,8) nao encontrou...
(6,10) nao encontrou...
(6,210) nao encontrou...
(129,211) nao encontrou...
(123,188) nao encontrou...
(220,6) encontrou!
(220,224) encontrou!
(133,213) nao encontrou...
(133,91) nao encontrou...
1 0 1 0 0 
1 1 0 0 1 
1 0 0 0 0 
0 0 0 1 0 
1 0 1 0 0 
1 1 0 0 0 
1 0 0 0 1 
1 1 0 0 0 
1 0 0 1 0 
1 0 1 0 0 
1 0 0 0 0 
1 1 0 0 0 
0 0 0 0 0 
0 0 1 0 1 
0 0 1 1 0 
0 0 0 0 1 
0 1 1 1 0 
0 0 0 1 1 
0 1 0 0 0 
0 0 0 0 0 
1 1 1 0 0 
1 1 0 0 0 
1 0 0 0 0 
1 0 0 0 0 
1 1 0 1 0 
1 0 1 0 0 
1 0 0 0 0 
1 1 1 0 0 
1 1 1 0 0 
0 0 0 1 0 
0 0 1 0 0 
0 1 0 0 0 
1 0 1 1 0 
1 1 0 0 0 
0 0 0 0 0 
0 1 0 0 1 
1 0 0 0 0 
1 1 0 0 0 
1 0 0 1 0 
1 1 0 0 0 
1 0 1 0 0 
1 1 1 0 0 
0 0 0 0 0 
0 1 0 0 0 
0 0 1 0 0 
0 1 0 0 0 
0 0 0 0 0 
0 1 0 1 0 
0 0 0 1 0 
0 0 0 0 0 
0 1 0 0 0 
0 1 0 1 0 
1 0 0 1 0 
1 0 0 0 0 
1 0 0 0 0 
1 1 0 1 0 
0 1 0 0 0 
0 0 1 1 1 
0 0 0 0 1 
0 0 0 1 0 
1 0 0 0 0 
1 0 0 0 0 
1 0 1 0 0 
0 0 0 0 0 
0 0 1 0 1 
0 0 0 0 0 
0 0 1 0 1 
0 1 1 1 0 
1 0 1 1 0 
1 0 0 0 0 
1 1 0 0 0 
1 0 0 0 1 
1 0 1 1 0 
1 0 0 0 0 
1 1 0 0 0 
1 0 0 0 0 
1 0 1 0 0 
0 0 0 0 1 
0 0 0 1 0 
0 0 0 0 0 
0 0 0 1 0 
0 0 1 0 0 
0 0 1 0 0 
0 1 1 1 0 
1 0 1 0 0 
1 0 0 0 0 
1 0 0 0 0 
1 1 0 1 0 
1 0 1 0 0 
1 0 0 0 0 
1 0 0 0 0 
1 1 0 0 0 
1 0 1 0 0 
0 0 0 0 1 
0 0 1 1 0 
0 1 0 0 0 
1 0 0 1 0 
0 1 0 1 0 
0 0 1 0 0 
0 1 1 0 1 
1 0 0 0 0 
0 1 0 0 0 
0 0 0 1 0 
0 1 0 0 0 
0 0 0 0 0 
0 1 0 0 0 
0 0 0 0 0 
0 1 0 0 0 
1 0 1 0 0 
1 1 1 0 0 
0 0 1 1 0 
0 1 0 1 0 
1 1 0 1 0 
1 0 0 1 0 
1 1 1 1 0 
1 1 1 0 0 
1 0 0 0 1 
1 1 0 1 0 
1 0 0 0 0 
1 0 0 0 0 
0 0 0 1 0 
0 0 0 1 0 
0 0 0 0 0 
0 0 0 0 1 
0 0 1 0 0 
0 0 1 0 0 
0 0 1 0 0 
0 0 0 0 0 
1 1 0 1 1 
1 0 0 1 1 
0 0 0 0 0 
0 1 0 0 0 
1 1 1 0 0 
1 0 0 0 1 
0 0 1 0 1 
0 1 0 0 0 
1 0 0 1 0 
1 0 0 0 0 
1 1 0 0 0 
1 0 0 0 0 
1 0 1 0 0 
1 0 1 0 0 
1 0 0 1 0 
0 0 0 0 0 
0 1 0 1 0 
0 0 0 0 0 
0 0 0 0 0 
0 1 0 0 0 
0 1 1 0 0 
0 0 0 0 0 
0 0 0 0 0 
0 1 0 0 0 
1 1 1 0 1 
1 0 0 0 1 
1 0 0 0 0 
1 1 0 0 0 
1 1 1 0 0 
1 0 0 0 0 
0 0 0 1 0 
0 1 0 0 0 
0 0 0 0 0 
0 1 0 1 0 
0 0 0 0 0 
0 1 0 0 0 
0 0 1 0 0 
0 0 0 0 0 
0 1 0 1 0 
0 0 0 0 0 
0 0 0 0 0 
0 0 0 0 0 
0 1 0 0 0 
0 0 1 0 0 
0 0 1 0 0 
0 0 0 1 0 
0 0 0 0 0 
0 0 0 1 0 
0 0 0 1 0 
0 1 0 1 0 
0 1 0 1 0 
0 0 0 0 0 
0 0 1 1 0 
0 0 0 0 0 
0 1 0 0 1 
0 1 0 0 0 
0 0 0 0 1 
0 0 0 1 0 
0 1 0 0 0 
0 0 0 0 0 
1 0 1 0 1 
1 0 0 0 0 
1 1 0 1 0 
0 0 0 0 0 
0 1 0 0 1 
0 0 0 0 0 
0 1 0 0 0 
0 0 1 0 0 
0 1 0 0 0 
0 0 0 0 1 
0 1 0 0 1 
0 0 1 0 0 
0 1 0 1 0 
0 0 1 0 1 
0 1 0 0 0 
0 0 1 0 0 
0 0 1 0 0 
0 0 0 0 0 
0 1 1 1 0 
0 1 0 0 1 
1 1 0 1 0 
1 1 0 0 0 
1 0 0 0 0 
0 0 1 0 1 
0 1 0 0 0 
0 0 1 0 0 
0 1 0 0 1 
0 0 1 0 0 
1 1 0 0 0 
1 0 0 0 0 
1 0 0 0 0 
1 0 1 0 0 
0 1 1 0 1 
0 0 1 0 0 
0 0 0 1 0 
0 0 0 0 0 
1 0 1 0 1 
1 0 0 0 0 
1 0 1 0 1 
0 0 0 0 0 
1 0 0 0 0 
1 0 0 0 0 
1 0 0 1 1 
1 0 1 0 0 
1 0 0 0 0 
1 0 0 0 0 
1 0 0 0 0 
0 0 1 0 0 
1 0 0 0 0 
1 0 0 0 0 
1 0 0 0 0 
1 0 1 1 1 
1 1 0 1 0 
1 1 0 0 0 
1 0 0 1 0 
1 0 0 0 0 
0 1 0 1 0 
0 1 0 0 0 
0 0 0 0 0 
0 0 1 0 0 
0 1 0 1 1 
0 1 0 1 0 
0 0 0 0 0 
0 1 1 0 0 
1 0 0 0 0 
1 1 0 0 0 
1 0 0 0 0 
1 0 0 0 0 

encontrou: 60.3175%
nao encontrou: 39.6825%
