28.1746
26.9841
28.9683
21.4286
24.6032
28.5714
28.1746
25
31.3492
22.2222
25.3968
25
25.3968
27.7778
22.2222
26.9841
25
26.5873
26.5873
26.1905
26.5873
30.1587
25.7937
25.7937
26.5873
27.7778
28.5714
31.3492
27.381
28.9683
26.1905
25.3968
27.7778
28.9683
26.1905
31.746
23.0159
28.1746
25.7937
22.2222
26.9841
27.381
26.9841
22.619
33.3333
23.0159
23.4127
24.2063
26.9841
26.1905
25.7937
28.5714
28.5714
21.4286
26.5873
25.3968
26.9841
28.5714
26.9841
28.5714
29.7619
27.381
27.381
29.3651
26.1905
29.3651
27.7778
26.1905
26.1905
23.8095
22.2222
25
27.381
26.9841
29.3651
27.381
30.1587
28.5714
26.9841
26.9841
25
25
26.5873
27.381
26.5873
24.6032
25.7937
26.5873
27.381
26.9841
27.381
24.6032
28.1746
26.9841
29.3651
26.1905
29.7619
24.2063
26.5873
26.9841
26.9841
22.619
23.8095
23.8095
27.381
28.5714
25.7937
26.5873
31.3492
26.9841
21.4286
27.381
26.5873
31.746
27.7778
26.5873
22.2222
26.9841
26.9841
24.2063
27.7778
29.3651
25.3968
24.6032
28.1746
26.1905
22.619
29.7619
25
31.3492
26.9841
24.6032
22.619
30.5556
25.3968
27.381
23.4127
20.6349
25
24.6032
26.1905
21.8254
23.8095
31.746
26.9841
28.9683
25
28.5714
27.381
25
27.381
26.5873
26.9841
28.5714
25
30.5556
29.7619
23.8095
29.3651
28.1746
21.8254
24.2063
24.2063
22.2222
26.1905
26.5873
23.4127
26.5873
29.3651
29.3651
28.1746
24.6032
24.6032
28.5714
26.1905
27.381
28.5714
24.2063
28.5714
26.9841
24.2063
26.9841
26.9841
24.6032
23.4127
31.3492
24.2063
27.7778
27.7778
26.9841
23.8095
26.5873
26.1905
25.7937
24.2063
26.9841
30.1587
29.3651
24.2063
28.9683
25.3968
27.381
21.0317
26.9841
30.1587
24.2063
27.381
27.381
29.7619
25.7937
24.2063
24.6032
32.5397
26.5873
29.3651
25.3968
25.7937
26.1905
21.8254
30.1587
28.5714
24.2063
27.7778
21.4286
28.1746
26.9841
23.4127
30.9524
25.7937
25.3968
21.8254
24.2063
25.7937
26.9841
28.1746
26.5873
27.381
23.4127
23.0159
26.5873
29.7619
28.1746
24.6032
25.3968
22.619
22.619
29.7619
25.7937
27.381
26.9841
26.9841
28.1746
25.7937
25
26.9841
23.8095
21.8254
26.5873
27.381
25
28.1746
25.3968
23.8095
30.5556
23.8095
30.1587
22.2222
28.5714
26.5873
31.3492
26.1905
24.6032
25.3968
24.6032
30.5556
27.381
25.7937
21.4286
23.4127
25.7937
25.3968
26.1905
26.1905
25
30.1587
27.381
27.7778
28.9683
27.7778
23.0159
30.5556
26.1905
26.9841
26.5873
24.6032
27.7778
25
28.1746
28.1746
28.1746
21.8254
27.7778
27.381
27.7778
28.1746
31.746
28.5714
26.1905
30.1587
26.5873
23.8095
32.1429
28.9683
30.1587
25.3968
27.7778
26.1905
26.5873
25.7937
25.7937
26.9841
25
28.5714
22.619
25.7937
30.5556
28.5714
21.8254
27.381
25.3968
23.4127
29.7619
26.5873
23.4127
28.5714
29.3651
25
26.5873
26.9841
23.0159
26.5873
25.3968
26.1905
28.5714
27.7778
22.619
25
28.9683
23.4127
23.8095
25.3968
27.381
26.1905
29.7619
24.2063
29.7619
25.3968
24.2063
26.9841
29.3651
25.7937
24.6032
25.3968
28.9683
27.381
27.381
25.7937
25
26.5873
26.9841
27.381
23.4127
25.3968
23.8095
24.6032
26.9841
26.5873
28.1746
28.1746
29.7619
24.6032
25
25
26.5873
23.0159
24.2063
28.9683
28.5714
26.1905
25.3968
27.7778
24.6032
24.2063
24.2063
27.7778
26.1905
21.8254
28.5714
25
24.6032
26.9841
32.9365
23.4127
26.9841
23.0159
24.6032
23.4127
29.3651
25.3968
28.1746
26.9841
28.9683
25
26.1905
28.5714
25
26.1905
27.381
25.7937
28.5714
27.381
23.4127
25.7937
29.3651
24.2063
26.5873
25.7937
24.2063
27.381
25.3968
28.1746
23.8095
23.4127
26.5873
26.5873
27.381
23.0159
29.7619
26.9841
28.1746
26.1905
30.1587
25.3968
25.3968
30.5556
31.3492
25
26.1905
25.3968
22.619
24.2063
28.5714
24.6032
24.2063
28.9683
24.2063
30.5556
21.4286
26.5873
24.2063
27.381
28.1746
26.1905
28.5714
26.5873
28.5714
23.8095
29.3651
25.3968
27.381
25.3968
26.9841
27.7778
27.7778
25.3968
26.5873
25
28.5714
30.1587
28.1746
26.5873
24.6032
23.8095
21.4286
24.6032
20.6349
29.3651
29.7619
24.2063
27.381
26.5873
24.2063
24.6032
24.6032
26.5873
24.6032
29.3651
26.9841
25.3968
28.1746
31.746
26.1905
23.8095
25
27.7778
34.5238
30.1587
30.1587
27.7778
26.5873
26.1905
26.9841
24.6032
21.4286
26.9841
25.7937
22.2222
23.0159
26.5873
21.8254
25.3968
29.7619
25.7937
27.7778
25.7937
29.7619
26.9841
24.2063
26.1905
25
28.1746
27.7778
25.7937
26.1905
23.0159
22.619
25.7937
26.1905
29.3651
30.9524
25
23.0159
23.8095
23.4127
26.1905
27.7778
25
28.1746
26.5873
29.7619
27.381
30.1587
26.9841
24.6032
25.3968
28.1746
28.5714
27.7778
23.8095
29.7619
26.9841
24.6032
24.6032
25.7937
23.4127
30.5556
29.7619
26.5873
27.381
24.6032
26.9841
26.1905
28.9683
28.9683
25.3968
24.2063
25.7937
23.8095
30.9524
21.4286
25.7937
25.7937
23.0159
26.5873
27.7778
26.5873
30.5556
23.0159
25
25.3968
24.6032
25.7937
24.6032
22.2222
22.619
28.1746
29.3651
28.9683
25.7937
26.9841
27.381
20.6349
25.3968
26.1905
29.3651
24.2063
28.5714
27.381
22.619
23.4127
28.5714
25
26.9841
22.619
25.7937
24.2063
23.8095
25.7937
27.381
23.4127
25.3968
30.5556
22.619
21.4286
26.1905
27.381
28.1746
29.3651
22.619
29.3651
31.3492
26.1905
27.381
25.7937
26.9841
30.5556
20.6349
24.2063
27.381
28.5714
26.5873
27.381
29.7619
26.5873
25
29.7619
23.8095
25.3968
23.8095
28.9683
23.0159
29.3651
26.1905
25.7937
22.619
26.5873
24.6032
25.7937
23.4127
28.9683
25.7937
26.9841
29.3651
26.1905
27.7778
26.9841
28.1746
24.2063
25
23.0159
26.9841
23.0159
30.1587
28.1746
22.619
26.9841
26.1905
26.1905
28.5714
29.3651
30.5556
24.6032
27.381
25.7937
29.3651
27.381
25.7937
26.9841
25
27.7778
26.9841
28.9683
26.1905
23.8095
22.2222
26.5873
25.3968
28.9683
28.1746
27.381
27.7778
25.7937
28.9683
28.1746
30.1587
28.9683
27.381
25.3968
26.5873
25.7937
28.1746
27.381
32.1429
26.5873
25.3968
25.7937
27.381
27.381
23.4127
28.1746
29.3651
25.7937
30.9524
25.3968
24.2063
23.4127
25
26.5873
21.4286
32.1429
26.5873
25.7937
26.1905
27.7778
24.2063
25.7937
23.0159
25
25.7937
26.1905
23.4127
25
29.7619
21.0317
28.5714
26.9841
24.6032
22.2222
22.2222
26.5873
27.381
24.6032
24.6032
25.7937
21.4286
24.6032
27.381
33.3333
29.3651
24.2063
28.1746
25.7937
30.9524
27.7778
24.2063
28.5714
25
26.1905
31.746
26.1905
24.2063
27.381
25.7937
27.381
26.5873
25
28.9683
25.3968
28.9683
24.2063
23.4127
26.5873
29.7619
23.0159
28.9683
26.9841
24.2063
26.1905
24.2063
25.3968
25.7937
23.8095
25.7937
26.5873
27.381
24.6032
26.5873
28.1746
31.746
26.1905
26.9841
29.7619
24.6032
22.2222
29.3651
23.0159
20.2381
29.7619
26.1905
28.1746
30.1587
30.1587
24.2063
25.3968
28.5714
28.1746
23.8095
28.1746
29.3651
24.6032
27.7778
25.3968
30.5556
26.1905
23.8095
26.9841
26.1905
26.5873
26.1905
28.1746
21.4286
24.6032
29.3651
27.7778
23.8095
23.0159
25.3968
25.3968
24.6032
26.1905
25.7937
27.381
26.1905
26.5873
26.9841
26.1905
29.3651
25.7937
24.2063
28.1746
25.7937
25
22.619
25.3968
26.5873
28.9683
27.7778
30.9524
27.381
23.0159
28.9683
26.1905
23.8095
25.3968
28.1746
25.7937
27.381
27.381
28.1746
24.2063
26.9841
24.6032
25
26.5873
28.5714
21.4286
29.3651
24.2063
24.2063
29.3651
20.6349
24.2063
30.9524
28.1746
24.6032
25
28.9683
28.5714
28.1746
25.3968
25
25
28.1746
27.381
24.6032
27.7778
25.3968
26.5873
30.1587
26.1905
25.7937
25.7937
30.5556
24.6032
27.381
28.5714
28.1746
23.8095
27.381
25
31.3492
31.3492
25.3968
25
26.1905
32.1429
25.3968
26.5873
26.9841
23.0159
26.9841
31.746
26.5873
29.3651
28.1746
32.1429
25
28.1746
29.3651
26.5873
22.619
25.7937
22.619
21.8254
26.9841
23.4127
25.3968
27.381
30.9524
28.5714
25.7937
26.5873
26.9841
22.619
26.5873
27.381
25
23.0159
26.5873
27.381
28.1746
23.8095
25.7937
27.7778
23.4127
29.3651
27.7778
23.8095
22.619
22.619
28.9683
25.3968
25
25.3968
26.9841
28.1746
30.1587
23.4127
24.2063
28.1746
30.1587
29.7619
25
26.1905
28.9683
26.1905
26.5873
26.1905
22.2222
23.8095
28.1746
25.7937
25.7937
25
27.7778
25.3968
28.9683
24.6032
23.0159
30.1587
25
24.6032
25.3968
26.5873
27.7778
21.0317
25
24.6032
26.5873
26.9841
28.1746
