(0,1) encontrou!
(2,3) encontrou!
(2,4) encontrou!
(5,6) encontrou!
(5,7) encontrou!
(8,9) encontrou!
(10,11) encontrou!
(9,13) encontrou!
(14,15) nao encontrou...
(16,17) encontrou!
(16,18) encontrou!
(19,20) encontrou!
(21,22) encontrou!
(23,12) encontrou!
(24,25) encontrou!
(26,20) nao encontrou...
(13,14) encontrou!
(22,15) nao encontrou...
(27,28) encontrou!
(29,30) nao encontrou...
(31,19) encontrou!
(32,33) encontrou!
(34,30) encontrou!
(7,26) nao encontrou...
(25,21) encontrou!
(35,10) encontrou!
(1,36) encontrou!
(1,37) encontrou!
(38,33) nao encontrou...
(39,28) nao encontrou...
(40,27) nao encontrou...
(40,41) nao encontrou...
(4,9) nao encontrou...
(42,10) nao encontrou...
(37,19) nao encontrou...
(3,43) encontrou!
(3,8) nao encontrou...
(15,23) nao encontrou...
(44,26) encontrou!
(20,22) nao encontrou...
(41,16) nao encontrou...
(41,24) nao encontrou...
(43,29) nao encontrou...
(43,45) nao encontrou...
(28,21) nao encontrou...
(33,13) nao encontrou...
(6,39) nao encontrou...
(6,40) nao encontrou...
(46,35) nao encontrou...
(46,42) nao encontrou...
(11,14) nao encontrou...
(45,34) nao encontrou...
(45,46) nao encontrou...
(18,47) nao encontrou...
(18,38) nao encontrou...
(48,5) nao encontrou...
(48,44) nao encontrou...
(17,25) nao encontrou...
(30,11) nao encontrou...
(36,48) nao encontrou...
(36,31) nao encontrou...
(47,32) nao encontrou...
(47,2) nao encontrou...
1 1 1 1 0 
0 0 1 1 1 
0 0 0 0 0 
0 0 0 1 1 
1 1 0 0 1 
1 0 0 1 0 
0 0 0 1 1 
0 0 0 0 1 
1 1 0 0 0 
1 0 0 1 1 
1 0 0 0 1 
0 0 0 0 1 
1 1 0 0 1 
1 0 0 0 1 
1 0 0 0 1 
1 0 0 0 0 
1 1 1 0 0 
1 0 1 0 1 
1 0 0 0 1 
1 0 0 0 1 
1 1 0 0 1 
1 0 0 0 1 
0 0 0 0 1 
0 0 0 0 0 
1 1 0 0 0 
1 0 0 0 1 
1 0 0 0 1 
1 0 0 0 0 
1 1 0 0 1 
1 0 0 0 0 
1 0 0 0 1 
1 0 0 0 0 
1 1 1 0 0 
1 0 1 0 1 
0 0 0 0 0 
0 0 0 0 0 
1 1 0 0 1 
1 0 0 0 1 
1 0 0 0 0 
0 0 0 0 0 
1 1 0 0 0 
1 0 0 0 0 
1 0 0 0 0 
1 0 0 0 1 
1 1 0 0 0 
1 0 0 0 0 
1 0 0 0 0 
1 0 0 0 0 
0 1 1 0 0 
0 0 1 0 0 
0 0 1 0 0 
0 0 0 0 0 
1 1 0 0 0 
1 0 0 0 0 
1 0 0 0 0 
1 0 0 0 0 
1 1 0 0 0 
1 0 0 0 0 
1 0 0 0 0 
1 0 0 0 0 
1 1 0 0 0 
1 0 0 0 0 
1 0 0 0 0 
1 0 0 0 0 
1 1 1 1 0 
1 0 0 1 0 
1 0 1 1 0 
0 0 0 0 0 
1 1 0 1 0 
1 0 0 0 0 
1 0 0 0 0 
1 0 0 1 0 
1 1 0 0 0 
1 0 0 1 0 
1 0 0 0 0 
1 0 0 0 0 
1 1 0 0 0 
0 0 0 0 0 
0 0 0 0 0 
0 0 0 0 0 
1 1 1 0 0 
1 0 0 0 0 
1 0 1 0 0 
1 0 0 0 0 
1 1 0 0 0 
1 0 0 0 0 
1 0 0 0 0 
0 0 0 0 0 
1 1 0 0 0 
1 0 0 0 0 
1 0 0 0 0 
1 0 0 0 0 
1 1 0 0 0 
0 0 0 0 0 
0 0 0 0 0 
0 0 0 0 0 
1 1 1 0 0 
1 0 1 0 0 
1 0 0 0 0 
1 0 0 0 0 
1 1 0 0 0 
1 0 0 0 0 
1 0 0 0 0 
1 0 0 0 0 
1 1 0 0 0 
1 0 0 0 0 
1 0 0 0 0 
1 0 0 0 0 
1 1 0 0 0 
1 0 0 0 0 
0 0 0 0 0 
0 0 0 0 0 
1 1 1 0 0 
1 0 1 0 0 
1 0 0 0 0 
1 0 0 0 0 
1 1 0 0 0 
1 0 0 0 0 
1 0 0 0 0 
1 0 0 0 0 
1 1 0 0 0 
1 0 0 0 0 
1 0 0 0 0 
1 0 0 0 0 
1 1 0 0 0 
1 0 0 0 0 
1 0 0 0 0 
1 0 0 0 0 
1 1 1 0 0 
1 0 0 1 0 
1 0 0 1 0 
1 0 0 1 0 
1 1 0 1 0 
1 0 0 1 0 
1 0 0 0 0 
1 0 0 0 0 
1 1 0 0 0 
1 0 0 0 0 
1 0 0 0 0 
1 0 0 0 0 
1 1 0 0 0 
1 0 0 0 0 
1 0 0 0 0 
0 0 0 0 0 
1 1 1 0 0 
1 0 0 0 0 
1 0 0 0 0 
1 0 0 0 0 
1 1 0 0 0 
1 0 0 0 0 
1 0 0 0 0 
1 0 0 0 0 
1 1 0 0 0 
1 0 0 0 0 
1 0 0 0 0 
1 0 0 0 0 
1 1 0 0 0 
1 0 0 0 0 
1 0 0 0 0 
1 0 0 0 0 
1 1 1 0 0 
1 0 0 0 0 
1 0 0 0 0 
1 0 0 0 0 
1 1 0 0 0 
1 0 0 0 0 
1 0 0 0 0 
1 0 0 0 0 
1 1 0 0 0 
1 0 0 0 0 
1 0 0 0 0 
1 0 0 0 0 
1 1 0 0 0 
1 0 0 0 0 
1 0 0 0 0 
1 0 0 0 0 
1 1 1 0 0 
0 0 1 0 0 
0 0 0 0 0 
0 0 0 0 0 
1 1 0 0 0 
1 0 0 0 0 
1 0 0 0 0 
1 0 0 0 0 
1 1 0 0 0 
1 0 0 0 0 
1 0 0 0 0 
1 0 0 0 0 
1 1 0 0 0 
1 0 0 0 0 
1 0 0 0 0 
1 0 0 0 0 
1 1 1 0 0 
1 0 1 0 0 
1 0 0 1 0 
1 0 0 1 0 
0 1 0 1 0 
0 0 0 1 0 
0 0 0 1 0 
0 0 0 1 0 
0 1 0 1 0 
0 0 0 0 0 
0 0 0 1 0 
0 0 0 0 0 
0 1 0 0 0 
0 0 0 0 0 
0 0 0 0 0 
0 0 0 0 0 
0 1 1 0 0 
0 0 1 0 0 
0 0 0 0 0 
0 0 0 0 0 
0 1 0 0 0 
0 0 0 0 0 
0 0 0 0 0 
0 0 0 0 0 
0 1 0 0 0 
0 0 0 0 0 
0 0 0 0 0 
0 0 0 0 0 
0 1 0 0 0 
0 0 0 0 0 
0 0 0 0 0 
0 0 0 0 0 
0 1 1 0 0 
0 0 1 0 0 
0 0 0 0 0 
0 0 0 0 0 
0 1 0 0 0 
0 0 0 0 0 
0 0 0 0 0 
0 0 0 0 0 
0 1 0 0 0 
0 0 0 0 0 
0 0 0 0 0 
0 0 0 0 0 
0 1 0 0 0 
0 0 0 0 0 
0 0 0 0 0 
0 0 0 0 0 
0 1 0 0 0 
0 0 1 0 0 
0 0 1 0 0 
0 0 0 0 0 
0 1 0 0 0 
0 0 0 0 0 
0 0 0 0 0 
0 0 0 0 0 
0 1 0 0 0 
0 0 0 0 0 
0 0 0 0 0 
0 0 0 0 0 
0 1 0 0 0 
0 0 0 0 0 
0 0 0 0 0 
0 0 0 0 0 

encontrou: 39.6825%
nao encontrou: 60.3175%
